:GridWeights                     
   #                                
   # [# HRUs]                       
   :NumberHRUs       51            
   :NumberGridCells  100            
   #                                
   # [HRU ID] [Cell #] [w_kl]       
   567   85   0.0036448211215961888
   567   86   0.37458272314271784
   567   87   0.4826438345494196
   567   96   0.0260105751303289
   567   97   0.11311804605593745
   573   75   0.10200726629084163
   573   76   0.24817106150978688
   573   85   0.2302187305194754
   573   86   0.4196029416798962
   574   77   0.02642964193780417
   574   86   0.4031696458793216
   574   87   0.5704007121828742
   584   76   0.5295691697135563
   584   77   0.401121234290467
   584   86   0.06568388606365441
   584   87   0.003625709932322295
   590   65   0.0822013025969569
   590   66   0.16838604062909476
   590   75   0.2173545567362452
   590   76   0.5320581000377032
   598   77   0.7304298487371337
   598   78   0.08147341489828304
   598   87   0.17696751435584818
   598   88   0.01112922200873525
   1298   44   0.0012842365702942023
   1298   45   0.002159025350397795
   1298   54   0.3109480847410797
   1298   55   0.08289680880379834
   1298   64   0.31030735601242787
   1298   65   0.2924044885220022
   1300   45   0.005854304685142001
   1300   55   0.4943715997577473
   1300   56   0.15229480935109732
   1300   65   0.25048900377237004
   1300   66   0.09699028243364323
   1301   42   0.5360672306686796
   1301   52   0.2827125064333839
   1301   53   0.18122026289793644
   1305   43   0.029056460555835634
   1305   44   0.17976930770678085
   1305   45   0.012273824967542427
   1305   53   0.1968331133343403
   1305   54   0.5820672934355008
   1307   46   0.18370175067623062
   1307   47   0.21138311907763646
   1307   48   0.04420590286794049
   1307   56   0.18972054705114985
   1307   57   0.2778557989514025
   1307   58   0.09179332327786956
   1307   66   0.0013395580977705653
   1308   45   0.2705536842043739
   1308   55   0.729446315795626
   1309   45   0.09414161626563035
   1309   46   0.22366575747729725
   1309   55   0.16438244528700882
   1309   56   0.5178101809700636
   1310   44   0.4002863688833734
   1310   45   0.597843290522023
   1310   55   0.0018703405946035494
   1311   45   0.6123400676457216
   1311   46   0.38765993235427837
   1312   42   0.08077176767904123
   1312   43   0.5658566685997277
   1312   44   0.18204739565261274
   1312   52   0.0010919952619004723
   1312   53   0.15379342126770568
   1312   54   0.01643875153901215
   1313   32   0.06008048585800333
   1313   33   0.15732258561505338
   1313   42   0.2729292610053505
   1313   43   0.5096676675215929
   1314   34   0.04736674846917735
   1314   35   0.061928901954282585
   1314   44   0.168319300951807
   1314   45   0.7223850486247331
   1315   36   0.05203781933348413
   1315   37   0.08584400804607169
   1315   46   0.1434845718481636
   1315   47   0.7186336007722807
   1316   33   0.007040465850652024
   1316   34   0.6084428760663851
   1316   35   0.02787646261321185
   1316   44   0.35613091223560267
   1316   45   0.0005092832341483881
   1317   35   0.19089070749302034
   1317   45   0.8091092925069798
   1318   35   0.9742135071325141
   1318   45   0.025786492867485855
   1319   33   0.24147881210143518
   1319   34   0.016163520203655284
   1319   43   0.38210669393244956
   1319   44   0.36025097376246
   1320   35   0.012614912184601102
   1320   36   0.3148147118987205
   1320   45   0.26516895060707485
   1320   46   0.4074014253096036
   1321   35   0.2602259399327324
   1321   36   0.702752033731369
   1321   45   0.037022026335898524
   1322   32   0.005929823901891333
   1322   33   0.9940701760981085
   1323   33   0.957563767162507
   1323   34   0.042436232837493065
   1324   26   0.00017960873419855126
   1324   36   0.4027865388019087
   1324   37   0.5933957654487297
   1324   47   0.003638087015163174
   1325   22   0.16296184228670202
   1325   23   0.28061253412578857
   1325   32   0.27723267345782787
   1325   33   0.21772294027399094
   1325   42   0.06147000985569068
   1326   23   0.034778404980009725
   1326   24   0.40553805169260143
   1326   25   0.004322172324156281
   1326   33   0.03859907721596903
   1326   34   0.4571895906688993
   1326   35   0.059572703118364316
   1327   24   0.10438054550394436
   1327   25   0.2719359852208798
   1327   34   0.04081276473355518
   1327   35   0.5685929557958466
   1327   36   0.014277748745774083
   1328   10   0.14558299859640197
   1328   11   0.3129110253044474
   1328   12   0.021144001841832044
   1328   20   0.12551106233467246
   1328   21   0.2037047268999406
   1328   22   0.19114618502270553
   1332   1   0.020827016099409207
   1332   2   0.007036569486690577
   1332   11   0.14501394732421533
   1332   12   0.4497435100247914
   1332   13   0.10304538421658198
   1332   22   0.2586230696511158
   1332   23   0.015710503197195632
   1335   13   0.169286310955563
   1335   14   0.008242908447595084
   1335   22   0.010863783815674467
   1335   23   0.6902620956884795
   1335   24   0.12134490109268796
   3264   56   0.010566024659865465
   3264   57   0.14337824570305796
   3264   66   0.018556142859091726
   3264   67   0.447686841984328
   3264   68   0.2910975167420284
   3264   69   0.016215332343028094
   3264   78   0.07230922134609571
   3264   79   0.00019067436250462048
   3265   57   0.14684175904695043
   3265   66   0.0027741890867846557
   3265   67   0.42429881248424306
   3265   68   0.3764623763691212
   3265   78   0.049622863012900593
   3266   56   0.032034026959019336
   3266   65   0.0071216420967141125
   3266   66   0.9537093643389484
   3266   67   0.007134966605318198
   3267   56   0.0005741542944022552
   3267   66   0.9994258457055976
   3286   42   0.08829851718216522
   3286   52   0.26489319028430375
   3286   53   0.33661489409193796
   3286   63   0.17543699266190865
   3286   64   0.1347564057796845
   3287   42   0.058729757596495964
   3287   51   0.001060758971015754
   3287   52   0.26061721238344987
   3287   53   0.21566384774342598
   3287   54   0.028244215540624572
   3287   62   0.05130271799736775
   3287   63   0.25358067630323006
   3287   64   0.13080081346439001
   3868   37   0.26994860550380245
   3868   38   0.12580939493865043
   3868   47   0.16096235872859851
   3868   48   0.4432796408289485
   3869   37   0.19382086552158745
   3869   47   0.14385379513139626
   3869   48   0.6623253393470163
   3894   20   0.05605985909890152
   3894   21   0.9439401409010985
   3895   21   1.0
   4456   77   0.006748217755806095
   4456   78   0.39711253906654886
   4456   87   0.1541381343621985
   4456   88   0.44200110881544635
   4457   67   0.10341707459003979
   4457   68   0.02655474603028018
   4457   77   0.5551848673045894
   4457   78   0.3148433120750905
   4458   66   0.24496513365843214
   4458   67   0.3025491150843535
   4458   76   0.26492178493111124
   4458   77   0.1875639663261031
   4459   66   0.9661948469404252
   4459   67   0.03380515305957477
   4470   63   0.006636014114030967
   4470   64   0.1619247710971355
   4470   65   0.13257774436277783
   4470   73   0.0027596014208905724
   4470   74   0.2060249069264171
   4470   75   0.456344434815623
   4470   76   0.0009104717110102181
   4470   85   0.03278379353734027
   4470   86   3.8262014774666056e-05
   4770   21   0.25935597305720753
   4770   22   0.1923973134779097
   4770   31   0.10733343433806151
   4770   32   0.4409132791268212
   5156   11   1.0
:EndGridWeights 
