:GridWeights                     
   #                                
   # [# HRUs]                       
   :NumberHRUs       51            
   :NumberGridCells  9801            
   #                                
   # [HRU ID] [Cell #] [w_kl]       
   567   3610   0.4042381193949369
   567   3611   0.5957618806050631
   573   3610   0.6492411217473245
   573   3731   0.3507588782526756
   574   3610   0.40316964587959236
   574   3611   0.5702543178272544
   574   3732   0.026576036293153346
   584   3610   0.06547942583508579
   584   3611   0.003612696088824889
   584   3731   0.5297736299422743
   584   3732   0.40113424813381504
   590   3731   1.0
   598   3611   0.1874792373292671
   598   3732   0.8125207626707329
   1298   3730   0.310118669342594
   1298   3731   0.2923625882339123
   1298   3851   0.31242100798116407
   1298   3852   0.0850977344423295
   1300   3731   0.3470161916849622
   1300   3852   0.6529838083150377
   1301   3850   0.8187797371014685
   1301   3851   0.18122026289853152
   1305   3851   0.987726175032458
   1305   3852   0.012273824967542087
   1307   3731   0.0013308812365725414
   1307   3852   0.37343097458882185
   1307   3853   0.6252381441746055
   1308   3852   1.0
   1309   3852   1.0
   1310   3851   0.4002863688833406
   1310   3852   0.5997136311166594
   1311   3852   1.0
   1312   3850   0.08186376294069816
   1312   3851   0.9181362370593018
   1313   3850   0.2729048371522838
   1313   3851   0.5094336871756096
   1313   3971   0.0601049097105924
   1313   3972   0.15755656596151424
   1314   3851   0.16827875978563273
   1314   3852   0.7222138057720975
   1314   3972   0.04740728963541722
   1314   3973   0.06210014480685261
   1315   3852   0.14345494115745452
   1315   3853   0.7183374660635176
   1315   3973   0.05206745002439177
   1315   3974   0.08614014275463627
   1316   3851   0.3557342002060267
   1316   3852   0.0004978727402375845
   1316   3972   0.6158800539466195
   1316   3973   0.02788787310711619
   1317   3852   0.8071465508949555
   1317   3973   0.1928534491050444
   1318   3852   0.02497355932418267
   1318   3973   0.9750264406758173
   1319   3851   0.7416219874119487
   1319   3972   0.2583780125880514
   1320   3852   0.6713502835285159
   1320   3973   0.32864971647148417
   1321   3852   0.036688378660758476
   1321   3973   0.9633116213392415
   1322   3971   0.005929823901818739
   1322   3972   0.9940701760981813
   1323   3972   1.0
   1324   3853   0.003598556243271629
   1324   3973   0.4029661475365691
   1324   3974   0.5934352962201593
   1325   3850   0.06138645821028436
   1325   3971   0.4402780673895141
   1325   3972   0.49833547440020143
   1326   3972   0.9361051245574565
   1326   3973   0.06389487544254366
   1327   3972   0.14519331023750492
   1327   3973   0.8548066897624951
   1328   3970   0.1254175341412867
   1328   3971   0.3944186533126158
   1328   4091   0.14567652678956602
   1328   4092   0.3344872857565315
   1332   3971   0.2584336872462736
   1332   3972   0.01571044091073474
   1332   4092   0.6228104253398032
   1332   4093   0.10304544650318846
   1335   3971   0.010863783815601574
   1335   3972   0.8110251316236624
   1335   4093   0.17811108456073585
   3264   3731   0.018550562382545394
   3264   3732   0.8109593992236778
   3264   3733   0.016406006705355445
   3264   3852   0.010571605136502966
   3264   3853   0.14351242655191848
   3265   3731   0.002774189086833021
   3265   3732   0.8501371715826768
   3265   3853   0.14708863933049027
   3266   3731   0.960650928775281
   3266   3732   0.007134966605247303
   3266   3852   0.03221410461947173
   3267   3731   0.9993492739277602
   3267   3852   0.0006507260722399033
   3286   3730   0.30985553436964325
   3286   3850   0.35319170746628265
   3286   3851   0.3369527581640741
   3287   3729   0.051213580073440776
   3287   3730   0.38418010767681576
   3287   3850   0.3204968668748868
   3287   3851   0.24410944537485685
   3868   3853   0.6034724575879451
   3868   3974   0.3965275424120549
   3869   3853   0.8055249922014952
   3869   3974   0.19447500779850477
   3894   3970   0.05605985909853038
   3894   3971   0.9439401409014697
   3895   3971   1.0
   4456   3611   0.5958658921172539
   4456   3732   0.40413410788274606
   4457   3732   1.0
   4458   3731   0.5098869185898357
   4458   3732   0.49011308141016424
   4459   3731   0.9661948469409894
   4459   3732   0.03380515305901069
   4470   3610   0.032607491831332096
   4470   3730   0.3773452935585265
   4470   3731   0.5900472146101414
   4770   3971   1.0
   5156   4092   1.0
:EndGridWeights 
